rank	country	Mper100F	Fper100M	Male	Female	Ratio	Continent
1	Nepal	83.840	119.275	13,046,953	15,561,762	-2,514,809	Asia
2	Curaçao	84.995	117.654	75,084	88,339	-13,255	North America
3	Hong Kong	85.086	117.528	3,418,487	4,017,670	-599,183	Asia
4	Latvia	85.338	117.181	877,948	1,028,792	-150,844	Europe
5	Martinique	85.382	117.120	172,972	202,585	-29,613	North America
6	Guadeloupe	85.756	116.610	184,686	215,362	-30,676	North America
7	Lithuania	86.065	116.191	1,276,477	1,483,154	-206,677	Europe
8	Ukraine	86.298	115.877	20,379,023	23,614,620	-3,235,597	Europe
9	Russian Federation	86.372	115.778	67,602,940	78,269,320	-10,666,380	Europe
10	Belarus	87.084	114.832	4,399,913	5,052,496	-652,583	Europe
11	El Salvador	88.139	113.457	3,023,353	3,430,197	-406,844	North America
12	Armenia	88.816	112.592	1,391,269	1,566,459	-175,190	Asia
13	Estonia	89.643	111.553	626,626	699,023	-72,397	Europe
14	Portugal	89.742	111.430	4,836,674	5,389,504	-552,830	Europe
15	Aruba	90.291	110.753	50,443	55,867	-5,424	North America
16	Puerto Rico	90.303	110.738	1,391,966	1,541,438	-149,472	North America
17	United States Virgin Islands	90.577	110.404	49,704	54,875	-5,171	North America
18	Hungary	90.777	110.160	4,608,250	5,076,430	-468,180	Europe
19	Georgia	91.139	109.722	1,905,743	2,091,019	-185,276	Asia
20	Zimbabwe	91.141	109.720	6,983,353	7,662,120	-678,767	Africa
21	Republic of Moldova	92.041	108.647	1,937,848	2,105,410	-167,562	Europe
22	Sri Lanka	92.273	108.374	10,233,415	11,090,319	-856,904	Asia
23	China, Macao SAR	92.476	108.136	307,706	332,740	-25,034	Asia
24	Croatia	92.979	107.551	1,990,015	2,140,284	-150,269	Europe
25	Myanmar	93.014	107.511	26,044,666	28,000,756	-1,956,090	Asia
26	Antigua and Barbuda	93.210	107.285	46,851	50,264	-3,413	North America
27	Guinea	93.352	107.121	6,166,075	6,605,171	-439,096	Africa
28	Uruguay	93.410	107.055	1,671,889	1,789,842	-117,953	South America
29	Botswana	93.656	106.774	1,114,116	1,189,587	-75,471	Africa
30	Barbados	93.661	106.768	138,813	148,208	-9,395	North America
31	France	93.808	106.600	31,524,494	33,605,237	-2,080,743	Europe
32	Réunion	93.816	106.592	430,284	458,648	-28,364	Africa
33	Poland	94.025	106.354	18,360,539	19,527,232	-1,166,693	Europe
34	Namibia	94.026	106.353	1,208,862	1,285,662	-76,800	Africa
35	Kazakhstan	94.222	106.133	8,999,754	9,551,674	-551,920	Asia
36	Mozambique	94.402	105.929	14,745,851	15,620,192	-874,341	Africa
37	Bulgaria	94.444	105.883	3,400,054	3,600,063	-200,009	Europe
38	Bahamas	94.494	105.827	189,230	200,256	-11,026	North America
39	Romania	94.692	105.606	9,418,287	9,946,271	-527,984	Europe
40	Italy	94.763	105.526	29,461,035	31,089,057	-1,628,022	Europe
41	Slovakia	94.859	105.420	2,656,513	2,800,499	-143,986	Europe
42	Thailand	94.916	105.356	33,904,846	35,720,735	-1,815,889	Asia
43	Senegal	95.168	105.078	7,946,433	8,349,929	-403,496	Africa
44	Argentina	95.214	105.026	21,841,415	22,939,260	-1,097,845	South America
45	Cambodia	95.357	104.869	8,047,364	8,439,178	-391,814	Asia
46	Japan	95.440	104.778	61,950,310	64,909,989	-2,959,679	Asia
47	Guinea-Bissau	95.602	104.600	938,863	982,054	-43,191	Africa
48	Dem. People's Republic of Korea	95.725	104.466	12,552,762	13,113,396	-560,634	Asia
49	Mexico	95.752	104.437	62,403,393	65,172,136	-2,768,743	North America
50	Bosnia and Herzegovina	95.998	104.169	1,616,799	1,684,199	-67,400	Europe
51	Serbia	96.037	104.127	4,297,444	4,474,784	-177,340	Europe
52	Eswatini	96.147	104.007	562,790	585,343	-22,553	Africa
53	Greece	96.392	103.743	5,140,520	5,332,932	-192,412	Europe
54	Colombia	96.437	103.695	24,713,193	25,626,250	-913,057	South America
55	Spain	96.570	103.552	22,960,648	23,776,134	-815,486	Europe
56	Rwanda	96.655	103.461	6,206,086	6,420,852	-214,766	Africa
57	Brazil	96.661	103.454	103,733,160	107,316,359	-3,583,199	South America
58	New Zealand	96.680	103.434	2,351,162	2,431,900	-80,738	Oceania
59	Kiribati	96.715	103.397	57,822	59,786	-1,964	Oceania
60	Mayotte	96.731	103.380	130,865	135,288	-4,423	Africa
61	Czechia	96.906	103.193	5,260,628	5,428,585	-167,957	Europe
62	Turkmenistan	96.993	103.101	2,925,688	3,016,406	-90,718	Asia
63	Austria	97.001	103.092	4,409,380	4,545,728	-136,348	Europe
64	Saint Lucia	97.033	103.058	90,021	92,774	-2,753	North America
65	Venezuela	97.060	103.029	14,045,228	14,470,601	-425,373	South America
66	Guatemala	97.068	103.021	8,659,950	8,921,526	-261,576	North America
67	Uganda	97.083	103.005	21,807,166	22,462,421	-655,255	Africa
68	South Africa	97.173	102.910	28,859,302	29,698,965	-839,663	Africa
69	Nicaragua	97.182	102.899	3,225,984	3,319,519	-93,535	North America
70	Chile	97.206	102.874	9,341,774	9,610,261	-268,487	South America
71	Finland	97.229	102.850	2,727,210	2,804,949	-77,739	Europe
72	Mongolia	97.230	102.849	1,589,932	1,635,234	-45,302	Asia
73	Malawi	97.266	102.811	9,185,278	9,443,471	-258,193	Africa
74	Lesotho	97.273	102.803	1,047,944	1,077,323	-29,379	Africa
75	Haiti	97.408	102.661	5,557,596	5,705,483	-147,887	North America
76	Turkey	97.439	102.628	41,173,709	42,255,898	-1,082,189	Asia
77	Mauritius	97.553	102.509	626,971	642,699	-15,728	Africa
78	United Kingdom	97.580	102.481	33,351,435	34,178,726	-827,291	Europe
79	Germany	97.590	102.470	41,249,115	42,267,931	-1,018,816	Europe
80	Trinidad and Tobago	97.591	102.468	688,982	705,987	-17,005	North America
81	French Guiana	97.762	102.289	143,766	147,057	-3,291	South America
82	Montenegro	97.803	102.247	310,506	317,482	-6,976	Europe
83	Kyrgyzstan	97.901	102.144	3,173,902	3,241,949	-68,047	Asia
84	Angola	97.912	102.132	15,744,779	16,080,520	-335,741	Africa
85	United States	97.947	102.096	162,826,299	166,238,618	-3,412,319	North America
86	Channel Islands	97.982	102.060	85,254	87,010	-1,756	Europe
87	Belgium	98.003	102.037	5,711,479	5,827,847	-116,368	Europe
88	Zambia	98.064	101.974	8,843,214	9,017,820	-174,606	Africa
89	Central African Republic	98.277	101.753	2,351,973	2,393,206	-41,233	Africa
90	Tunisia	98.325	101.703	5,797,980	5,896,741	-98,761	Africa
91	Switzerland	98.383	101.644	4,260,661	4,330,700	-70,039	Europe
92	Gambia	98.397	101.629	1,164,364	1,183,332	-18,968	Africa
93	Burundi	98.407	101.619	5,718,988	5,811,589	-92,601	Africa
94	Morocco	98.446	101.579	18,093,063	18,378,703	-285,640	Africa
95	Ireland	98.469	101.555	2,422,418	2,460,080	-37,662	Europe
96	Canada	98.493	101.530	18,563,538	18,847,500	-283,962	North America
97	Jamaica	98.596	101.424	1,463,720	1,484,557	-20,837	North America
98	Cuba	98.639	101.379	5,627,928	5,705,556	-77,628	North America
99	Peru	98.692	101.325	16,148,241	16,362,221	-213,980	South America
100	Kenya	98.755	101.260	26,122,382	26,451,585	-329,203	Africa
101	Denmark	98.879	101.134	2,869,672	2,902,205	-32,533	Europe
102	China, Taiwan Province of China	98.949	101.063	11,824,123	11,949,758	-125,635	Asia
103	Israel	98.956	101.055	4,237,327	4,282,046	-44,719	Asia
104	Togo	98.989	101.021	4,020,646	4,061,713	-41,067	Africa
105	Belize	99.088	100.921	194,281	196,070	-1,789	North America
106	Slovenia	99.111	100.897	1,034,684	1,043,970	-9,286	Europe
107	Australia	99.205	100.801	12,551,311	12,651,889	-100,578	Oceania
108	Netherlands	99.214	100.792	8,514,835	8,582,288	-67,453	Europe
109	Somalia	99.451	100.552	7,700,196	7,742,710	-42,514	Africa
110	Uzbekistan	99.507	100.495	16,450,116	16,531,599	-81,483	Asia
111	Madagascar	99.531	100.472	13,452,929	13,516,377	-63,448	Africa
112	Sierra Leone	99.578	100.423	3,898,350	3,914,857	-16,507	Africa
113	Democratic Republic of the Congo	99.650	100.352	43,319,103	43,471,465	-152,362	Africa
114	Vietnam	99.670	100.331	48,151,352	48,310,756	-159,404	Asia
115	Chad	99.676	100.325	7,960,522	7,986,360	-25,838	Africa
116	Azerbaijan	99.681	100.320	5,015,834	5,031,885	-16,051	Asia
117	Benin	99.685	100.316	5,891,256	5,909,895	-18,639	Africa
118	Burkina Faso	99.746	100.255	10,147,774	10,173,609	-25,835	Africa
119	Congo	99.785	100.215	2,687,358	2,693,146	-5,788	Africa
120	Sudan	99.826	100.175	21,387,956	21,425,281	-37,325	Africa
121	Honduras	99.833	100.167	4,868,994	4,877,121	-8,127	North America
122	United Republic of Tanzania	99.848	100.153	28,980,621	29,024,840	-44,219	Africa
123	Dominican Republic	99.878	100.122	5,366,198	5,372,759	-6,561	North America
124	Costa Rica	99.902	100.098	2,522,539	2,525,022	-2,483	North America
125	Cyprus	100.003	99.997	599,297	599,277	20	Asia
126	Cameroon	100.027	99.973	12,939,928	12,936,459	3,469	Africa
127	Ecuador	100.084	99.916	8,690,487	8,683,170	7,317	South America
128	Ethiopia	100.106	99.894	56,069,008	56,009,719	59,289	Africa
129	North Macedonia	100.111	99.889	1,042,305	1,041,153	1,152	Europe
130	Tonga	100.144	99.857	52,286	52,211	75	Oceania
131	Sao Tome and Principe	100.162	99.838	107,611	107,437	174	Africa
132	South Sudan	100.198	99.802	5,536,530	5,525,584	10,946	Africa
133	Republic of Korea	100.288	99.713	25,649,457	25,575,864	73,593	Asia
134	Sweden	100.295	99.705	5,025,597	5,010,794	14,803	Europe
135	Panama	100.303	99.698	2,126,434	2,120,006	6,428	North America
136	Mali	100.316	99.685	9,844,537	9,813,486	31,051	Africa
137	Syrian Arab Republic	100.458	99.544	8,554,550	8,515,582	38,968	Asia
138	Eritrea	100.476	99.526	1,752,711	1,744,406	8,305	Africa
139	Malta	100.541	99.461	220,783	219,594	1,189	Europe
140	Cabo Verde	100.780	99.226	276,036	273,900	2,136	Africa
141	Mauritania	100.798	99.208	2,271,843	2,253,855	17,988	Africa
142	Lao People's Democratic Republic	100.801	99.205	3,599,028	3,570,428	28,600	Asia
143	Bolivia	100.804	99.202	5,779,611	5,733,491	46,120	South America
144	Iceland	100.843	99.164	170,230	168,807	1,423	Europe
145	Philippines	100.958	99.051	54,316,072	53,800,550	515,522	Asia
146	Guyana	100.967	99.042	393,271	389,504	3,767	South America
147	Liberia	101.012	98.998	2,481,116	2,456,258	24,858	Africa
148	Niger	101.019	98.991	11,714,461	11,596,258	118,203	Africa
149	Suriname	101.089	98.923	292,255	289,108	3,147	South America
150	New Caledonia	101.206	98.808	142,226	140,531	1,695	Oceania
151	Lebanon	101.256	98.760	3,449,246	3,406,463	42,783	Asia
152	Indonesia	101.425	98.595	136,269,761	134,355,806	1,913,955	Asia
153	Grenada	101.529	98.494	56,426	55,576	850	North America
154	Yemen	101.539	98.485	14,692,284	14,469,638	222,646	Asia
155	Tajikistan	101.620	98.406	4,697,953	4,623,070	74,883	Asia
156	Comoros	101.785	98.246	429,210	421,681	7,529	Africa
157	Côte d'Ivoire	101.820	98.213	12,974,206	12,742,348	231,858	Africa
158	Guam	101.906	98.130	84,437	82,858	1,579	Oceania
159	Libya	102.021	98.019	3,422,619	3,354,834	67,785	Africa
160	Norway	102.057	97.984	2,716,812	2,662,047	54,765	Europe
161	Algeria	102.095	97.948	21,749,666	21,303,388	446,278	Africa
162	Iran	102.111	97.933	41,889,890	41,024,003	865,887	Asia
163	Egypt	102.128	97.916	50,722,599	49,665,477	1,057,122	Africa
164	Luxembourg	102.131	97.914	311,110	304,620	6,490	Europe
165	Timor-Leste	102.172	97.874	653,507	639,613	13,894	Asia
166	Bangladesh	102.360	97.695	82,473,791	80,572,382	1,901,409	Asia
167	Iraq	102.440	97.618	19,891,814	19,417,975	473,839	Asia
168	Jordan	102.500	97.561	5,113,215	4,988,482	124,733	Asia
169	French Polynesia	102.684	97.386	141,492	137,793	3,699	Oceania
170	Nigeria	102.724	97.348	101,831,874	99,131,729	2,700,145	Africa
171	Fiji	102.725	97.347	450,959	438,996	11,963	Oceania
172	Ghana	102.762	97.312	15,416,086	15,001,772	414,314	Africa
173	Vanuatu	102.837	97.241	152,038	147,844	4,194	Oceania
174	State of Palestine	102.903	97.179	2,526,350	2,455,072	71,278	Asia
175	Saint Vincent and the Grenadines	102.938	97.146	56,097	54,496	1,601	North America
176	Paraguay	103.382	96.729	3,580,888	3,463,751	117,137	South America
177	Micronesia (Fed. States of)	103.437	96.677	57,867	55,944	1,923	Oceania
178	Solomon Islands	103.445	96.670	340,582	329,239	11,343	Oceania
179	Albania	103.724	96.410	1,466,785	1,414,128	52,657	Europe
180	Gabon	103.733	96.402	1,106,192	1,066,386	39,806	Africa
181	Papua New Guinea	104.281	95.895	4,480,011	4,296,108	183,903	Oceania
182	China	105.366	94.907	735,624,259	698,159,433	37,464,826	Asia
183	Seychelles	105.450	94.831	50,167	47,574	2,593	Africa
184	Afghanistan	105.497	94.789	19,529,727	18,512,030	1,017,697	Asia
185	Malaysia	105.774	94.541	16,423,164	15,526,625	896,539	Asia
186	Pakistan	106.022	94.320	111,447,581	105,117,736	6,329,845	Asia
187	Samoa	107.272	93.221	102,004	95,089	6,915	Oceania
188	Brunei Darussalam	108.001	92.591	224,982	208,314	16,668	Asia
189	India	108.204	92.418	710,129,572	656,288,184	53,841,388	Asia
190	Western Sahara	109.741	91.123	304,755	277,703	27,052	Africa
191	Singapore	109.837	91.044	3,038,226	2,766,117	272,109	Asia
192	Djibouti	110.905	90.168	511,947	461,610	50,337	Africa
193	Bhutan	113.118	88.403	405,032	358,062	46,970	Asia
194	Equatorial Guinea	125.187	79.881	753,823	602,159	151,664	Africa
195	Saudi Arabia	136.579	73.217	19,783,532	14,484,997	5,298,535	Asia
196	Kuwait	155.902	64.143	2,563,055	1,644,022	919,033	Asia
197	Maldives	172.444	57.990	336,070	194,887	141,183	Asia
198	Bahrain	179.887	55.591	1,054,797	586,367	468,430	Asia
199	Oman	194.283	51.471	3,284,448	1,690,544	1,593,904	Asia
200	United Arab Emirates	225.281	44.389	6,766,806	3,003,720	3,763,086	Asia
201	Qatar	305.421	32.742	2,133,521	698,550	1,434,971	Asia
